353892.240 360720.720 7.930 -1
353892.760 360721.430 8.350 2
353892.210 360721.540 8.640 2
353891.540 360721.710 8.500 5
353890.850 360721.880 8.240 5
353890.210 360722.030 8.220 5
353889.630 360722.350 8.120 5
353890.410 360722.170 8.290 5
353891.210 360721.970 8.510 5
353891.990 360721.780 8.680 2
353892.660 360721.640 8.410 2
353893.270 360721.520 7.890 2
353893.590 360722.310 7.950 2
353893.040 360722.420 8.300 2
353892.560 360722.500 8.870 2
353892.020 360722.610 9.210 2
353891.360 360722.770 9.090 5
353890.650 360722.950 8.810 5
353890.040 360723.090 8.840 5
353889.340 360723.260 8.590 5
353888.670 360723.430 8.440 5
353888.020 360723.590 8.340 5
353887.350 360723.750 8.230 5
353886.680 360723.920 8.020 5
353886.620 360724.150 8.180 5
353887.410 360723.950 8.390 5
353888.190 360723.750 8.580 5
353888.920 360723.580 8.580 5
353889.670 360723.400 8.660 5
353890.470 360723.210 8.910 5
353891.280 360723.010 9.180 5
353891.990 360722.840 9.140 2
353892.660 360722.700 8.880 2
353893.270 360722.590 8.350 2
353893.890 360722.460 7.930 2
353894.120 360723.250 7.930 2
353893.620 360723.330 8.490 2
353893.060 360723.450 8.750 2
353892.510 360723.560 9.060 2
353891.980 360723.660 9.460 2
353891.380 360723.800 9.560 5
353890.730 360723.950 9.520 5
353890.060 360724.110 9.370 5
353889.420 360724.270 9.300 5
353888.710 360724.440 9.050 5
353888.050 360724.610 8.870 5
353887.360 360724.780 8.700 5
353886.750 360724.920 8.760 5
353886.070 360725.090 8.560 0
353885.430 360725.250 8.530 0
353884.780 360725.400 8.470 -1
353884.910 360725.600 8.220 0
353885.760 360725.370 8.680 0
353886.560 360725.170 9.000 0
353887.240 360725.020 8.790 5
353888.020 360724.830 8.970 5
353888.780 360724.640 9.140 5
353889.570 360724.440 9.330 5
353890.320 360724.270 9.410 5
353891.070 360724.090 9.500 5
353891.810 360723.910 9.560 2
353892.450 360723.780 9.190 2
353893.100 360723.650 8.890 2
353893.700 360723.540 8.370 2
353894.330 360723.410 7.970 2
353894.750 360724.130 7.920 2
353894.250 360724.230 8.370 2
353893.690 360724.340 8.690 2
353893.170 360724.440 9.110 2
353892.610 360724.560 9.360 2
353892.080 360724.660 9.750 2
353891.560 360724.760 10.160 2
353890.880 360724.930 9.980 5
353890.250 360725.070 9.940 5
353889.590 360725.230 9.850 5
353888.880 360725.410 9.570 5
353888.260 360725.560 9.540 0
353887.580 360725.730 9.350 0
353886.920 360725.900 9.200 0
353886.190 360726.090 8.830 0
353885.440 360726.290 8.400 0
353885.140 360726.610 7.990 0
353886.090 360726.350 8.830 0
353886.960 360726.110 9.370 0
353887.710 360725.930 9.480 0
353888.500 360725.730 9.680 0
353889.240 360725.560 9.710 5
353890.000 360725.370 9.850 5
353890.810 360725.180 10.130 5
353891.520 360725.010 10.070 2
353892.200 360724.870 9.870 2
353892.760 360724.770 9.210 2
353893.450 360724.620 9.010 2
353894.090 360724.490 8.700 2
353894.690 360724.380 8.160 2
353895.170 360725.110 8.060 2
353894.650 360725.210 8.480 2
353894.100 360725.310 8.830 2
353893.580 360725.410 9.250 2
353893.010 360725.530 9.490 2
353892.500 360725.630 9.930 2
353891.920 360725.750 10.150 2
353891.400 360725.850 10.580 2
353890.790 360725.980 10.640 5
353890.090 360726.160 10.380 0
353889.450 360726.310 10.320 0
353888.820 360726.460 10.330 5
353888.010 360726.690 9.610 0
353887.270 360726.890 9.210 0
353886.530 360727.090 8.780 0
353885.790 360727.290 8.330 0
353885.140 360727.440 8.290 7
353884.450 360727.610 8.060 7
353883.760 360727.970 7.920 7
353884.570 360727.770 8.210 7
353885.340 360727.580 8.410 7
353886.060 360727.410 8.340 0
353886.940 360727.180 8.900 0
353887.780 360726.950 9.410 0
353888.680 360726.710 10.030 0
353889.500 360726.490 10.380 0
353890.230 360726.320 10.420 0
353891.650 360726.010 10.240 2
353892.310 360725.870 10.020 2
353892.910 360725.750 9.540 2
353893.580 360725.610 9.280 2
353894.180 360725.500 8.800 2
353894.860 360725.350 8.620 2
353895.420 360725.260 7.910 2
353895.900 360726.030 7.910 2
353895.370 360726.130 8.280 2
353894.860 360726.230 8.720 2
353894.290 360726.350 8.950 2
353893.780 360726.450 9.390 2
353893.240 360726.550 9.770 2
353892.680 360726.670 9.970 2
353892.140 360726.780 10.320 2
353891.630 360726.870 10.770 2
353891.050 360727.000 10.930 0
353890.420 360727.140 10.910 0
353889.680 360727.340 10.470 0
353888.930 360727.540 9.990 0
353888.180 360727.740 9.500 0
353887.420 360727.950 9.010 0
353886.730 360728.130 8.760 7
353886.100 360728.280 8.690 7
353885.440 360728.440 8.630 7
353884.800 360728.590 8.520 7
353884.140 360728.750 8.420 7
353883.510 360728.900 8.390 7
353882.880 360729.050 8.370 7
353882.170 360729.230 8.060 7
353881.610 360729.350 8.270 7
353876.860 360730.560 6.760 -1
353876.600 360730.540 8.140 -1
353876.080 360730.630 8.480 3
353875.390 360730.810 8.250 4
353874.710 360730.980 8.010 4
353874.230 360731.310 8.090 4
353875.010 360731.120 8.300 4
353875.770 360730.930 8.430 4
353876.490 360730.780 8.410 3
353876.830 360730.770 6.980 -1
353880.700 360729.820 7.880 7
353880.130 360730.070 5.720 -1
353881.680 360729.540 8.790 -1
353882.280 360729.420 8.330 7
353883.030 360729.240 8.400 7
353883.840 360729.040 8.660 7
353884.590 360728.860 8.760 7
353885.320 360728.690 8.750 7
353886.060 360728.520 8.750 7
353886.820 360728.330 8.890 7
353887.550 360728.160 8.870 0
353888.450 360727.920 9.490 0
353889.340 360727.680 10.090 0
353890.240 360727.430 10.730 0
353891.690 360727.100 10.670 2
353892.340 360726.970 10.370 2
353892.970 360726.840 9.940 2
353893.600 360726.720 9.500 2
353894.260 360726.580 9.240 2
353894.940 360726.440 9.000 2
353895.540 360726.320 8.490 2
353896.010 360727.050 8.380 2
353895.450 360727.160 8.620 2
353894.900 360727.280 8.930 2
353894.350 360727.390 9.220 2
353893.830 360727.490 9.640 2
353893.300 360727.590 10.040 2
353892.770 360727.700 10.370 2
353892.160 360727.840 10.450 -1
353891.650 360727.930 10.850 0
353891.020 360728.080 10.870 0
353890.250 360728.280 10.320 0
353889.500 360728.490 9.800 0
353888.770 360728.680 9.450 0
353888.130 360728.830 9.350 7
353887.490 360728.980 9.340 7
353886.790 360729.170 9.030 7
353886.180 360729.310 9.080 7
353885.510 360729.470 8.970 7
353884.890 360729.610 8.950 7
353884.250 360729.770 8.920 7
353883.570 360729.940 8.670 7
353882.960 360730.080 8.760 7
353882.290 360730.250 8.580 7
353881.730 360730.360 8.790 7
353881.020 360730.550 8.480 7
353880.390 360730.700 8.430 7
353879.710 360730.870 8.250 7
353879.060 360731.030 8.130 7
353878.400 360731.190 7.980 3
353877.390 360731.510 6.540 -1
353877.180 360731.470 8.080 -1
353876.700 360731.560 8.610 3
353876.150 360731.660 8.850 3
353875.540 360731.800 8.910 4
353874.860 360731.980 8.670 4
353874.270 360732.110 8.790 4
353873.550 360732.300 8.450 4
353872.910 360732.450 8.340 4
353872.260 360732.610 8.250 4
353871.580 360732.790 7.990 4
353870.630 360733.240 8.000 4
353871.380 360733.050 8.110 4
353872.170 360732.860 8.330 4
353872.960 360732.660 8.590 4
353873.710 360732.470 8.700 4
353874.520 360732.270 9.010 4
353875.200 360732.120 8.830 4
353875.990 360731.920 9.080 3
353876.630 360731.800 8.750 3
353877.280 360731.660 8.440 3
353877.850 360731.560 7.890 7
353878.680 360731.350 8.240 7
353879.460 360731.150 8.420 7
353880.170 360730.990 8.360 7
353880.950 360730.800 8.550 7
353881.720 360730.610 8.710 7
353882.450 360730.440 8.690 7
353883.220 360730.250 8.860 7
353883.990 360730.060 8.980 7
353884.760 360729.870 9.120 7
353885.520 360729.690 9.270 -1
353886.250 360729.520 9.190 7
353887.010 360729.340 9.260 7
353887.760 360729.160 9.370 7
353888.510 360728.980 9.420 7
353892.470 360728.000 10.530 2
353893.110 360727.870 10.170 2
353893.750 360727.750 9.760 2
353894.360 360727.630 9.270 2
353895.010 360727.500 8.950 2
353895.690 360727.350 8.700 2
353896.360 360727.210 8.420 2
353897.010 360727.870 7.980 2
353896.480 360727.970 8.360 2
353895.940 360728.070 8.740 2
353895.420 360728.170 9.180 2
353894.840 360728.300 9.370 2
353894.290 360728.410 9.700 2
353893.760 360728.510 10.070 2
353893.220 360728.620 10.460 2
353892.640 360728.740 10.630 2
353892.110 360728.850 11.030 0
353891.400 360729.030 10.710 0
353890.680 360729.220 10.350 0
353889.880 360729.430 9.740 0
353889.310 360729.560 9.910 7
353888.640 360729.720 9.800 7
353887.990 360729.880 9.700 7
353887.320 360730.040 9.560 7
353886.670 360730.200 9.500 7
353886.000 360730.360 9.350 7
353885.330 360730.530 9.220 7
353884.720 360730.660 9.290 7
353884.050 360730.830 9.130 7
353883.400 360730.990 9.050 7
353882.760 360731.140 8.990 7
353882.270 360731.230 9.540 -1
353881.480 360731.450 8.890 7
353880.810 360731.610 8.750 7
353880.140 360731.780 8.600 7
353879.510 360731.930 8.550 7
353878.880 360732.070 8.590 7
353878.240 360732.230 8.510 3
353877.550 360732.410 8.270 7
353877.020 360732.510 8.640 3
353876.530 360732.600 9.120 3
353875.930 360732.720 9.240 3
353875.330 360732.860 9.320 4
353874.700 360733.010 9.310 4
353874.020 360733.180 9.080 4
353873.360 360733.340 8.980 4
353872.720 360733.500 8.890 4
353872.100 360733.640 8.900 4
353871.410 360733.810 8.690 4
353870.740 360733.980 8.500 4
353870.090 360734.140 8.420 4
353869.430 360734.310 8.230 4
353868.730 360734.480 8.000 4
353868.640 360734.700 8.200 1
353869.460 360734.480 8.560 4
353870.170 360734.320 8.540 4
353870.960 360734.120 8.770 4
353871.740 360733.930 8.990 4
353872.460 360733.760 8.990 4
353873.230 360733.570 9.120 4
353873.960 360733.400 9.170 4
353874.710 360733.220 9.260 4
353875.500 360733.020 9.480 3
353876.180 360732.870 9.330 3
353876.800 360732.750 8.950 3
353877.450 360732.620 8.660 3
353878.180 360732.450 8.640 3
353878.920 360732.270 8.700 7
353879.650 360732.100 8.700 7
353880.450 360731.900 8.940 7
353881.160 360731.730 8.920 7
353882.090 360731.480 9.650 -1
353882.810 360731.310 9.580 -1
353883.430 360731.190 9.210 7
353884.220 360730.990 9.400 7
353884.970 360730.820 9.440 7
353885.710 360730.640 9.520 7
353886.450 360730.460 9.550 7
353887.220 360730.280 9.600 7
353888.000 360730.090 9.810 7
353888.750 360729.910 9.890 7
353889.490 360729.730 9.900 7
353893.280 360728.830 10.360 2
353893.930 360728.700 9.970 2
353894.580 360728.570 9.620 2
353895.180 360728.460 9.130 2
353895.840 360728.320 8.820 2
353896.530 360728.170 8.600 2
353897.090 360728.080 7.920 2
353897.530 360728.820 7.930 2
353897.030 360728.910 8.460 2
353896.470 360729.020 8.720 2
353895.920 360729.130 9.030 2
353895.390 360729.230 9.470 2
353894.830 360729.350 9.710 2
353894.260 360729.470 9.960 2
353893.710 360729.590 10.220 -1
353893.190 360729.680 10.690 2
353892.640 360729.800 10.970 0
353891.980 360729.960 10.840 0
353890.580 360730.300 10.310 7
353889.930 360730.460 10.240 7
353889.280 360730.620 10.130 7
353888.620 360730.780 10.020 7
353888.000 360730.920 10.070 7
353887.320 360731.100 9.850 7
353886.680 360731.240 9.870 7
353886.070 360731.380 9.920 7
353885.400 360731.550 9.740 7
353884.720 360731.720 9.570 7
353884.080 360731.870 9.500 7
353883.410 360732.040 9.360 7
353882.940 360732.120 9.910 -1
353882.130 360732.350 9.250 7
353881.520 360732.490 9.270 7
353880.860 360732.650 9.160 7
353880.250 360732.790 9.250 7
353879.580 360732.950 9.050 7
353878.950 360733.100 9.040 7
353878.290 360733.270 8.890 7
353877.610 360733.440 8.730 3
353877.070 360733.550 9.020 3
353876.530 360733.640 9.340 3
353875.990 360733.760 9.660 3
353875.450 360733.870 9.920 3
353874.790 360734.030 9.850 4
353874.180 360734.170 9.840 4
353873.490 360734.340 9.630 4
353872.810 360734.510 9.410 4
353872.150 360734.680 9.260 4
353871.550 360734.810 9.360 4
353870.860 360734.990 9.070 4
353870.230 360735.140 9.080 1
353869.500 360735.330 8.650 1
353868.690 360735.560 7.970 1
353868.860 360735.700 8.000 1
353869.780 360735.440 8.740 1
353870.700 360735.180 9.470 1
353871.370 360735.040 9.300 4
353872.110 360734.860 9.380 4
353872.890 360734.660 9.600 4
353873.610 360734.500 9.600 4
353874.370 360734.310 9.720 4
353875.140 360734.120 9.930 3
353875.800 360733.970 9.720 3
353876.470 360733.830 9.480 3
353877.060 360733.730 9.030 3
353877.720 360733.590 8.790 3
353878.500 360733.390 8.990 7
353879.240 360733.220 9.050 7
353880.030 360733.020 9.290 7
353880.740 360732.860 9.220 7
353881.480 360732.680 9.270 7
353882.290 360732.470 9.590 7
353883.140 360732.250 10.040 -1
353883.730 360732.140 9.550 7
353884.500 360731.950 9.710 7
353885.270 360731.760 9.830 7
353885.980 360731.600 9.780 7
353886.740 360731.420 9.890 7
353887.540 360731.220 10.110 7
353888.260 360731.050 10.060 7
353889.010 360730.870 10.180 7
353889.800 360730.680 10.380 7
353893.480 360729.820 10.480 -1
353894.130 360729.680 10.160 2
353894.760 360729.560 9.730 2
353895.430 360729.420 9.490 2
353896.040 360729.300 8.990 2
353896.710 360729.160 8.700 2
353897.330 360729.040 8.280 2
353898.080 360729.770 7.960 2
353897.570 360729.870 8.420 2
353897.010 360729.980 8.720 2
353896.460 360730.100 9.010 2
353895.930 360730.200 9.430 2
353895.390 360730.310 9.770 2
353894.820 360730.430 10.000 2
353894.270 360730.540 10.310 2
353893.770 360730.630 10.810 2
353893.170 360730.760 10.950 0
353892.470 360730.940 10.650 0
353891.770 360731.120 10.370 0
353891.070 360731.300 10.140 8
353890.510 360731.410 10.360 7
353889.880 360731.550 10.400 7
353889.250 360731.700 10.370 7
353888.790 360731.780 11.010 -1
353888.010 360731.990 10.460 7
353887.370 360732.140 10.390 7
353886.700 360732.310 10.260 7
353886.030 360732.470 10.090 7
353885.390 360732.620 10.080 7
353884.730 360732.790 9.960 7
353884.080 360732.950 9.820 7
353883.590 360733.030 10.390 -1
353882.810 360733.250 9.760 7
353882.140 360733.410 9.630 7
353881.500 360733.560 9.570 7
353880.870 360733.710 9.560 7
353880.240 360733.860 9.550 7
353879.600 360734.020 9.460 7
353878.920 360734.190 9.290 7
353878.280 360734.340 9.220 7
353877.640 360734.500 9.170 3
353877.030 360734.640 9.220 3
353876.520 360734.720 9.620 3
353875.950 360734.840 9.880 3
353875.450 360734.940 10.290 3
353874.860 360735.070 10.440 3
353874.200 360735.230 10.290 4
353873.560 360735.390 10.220 4
353872.920 360735.540 10.170 1
353872.260 360735.700 10.010 1
353871.490 360735.910 9.510 1
353870.780 360736.100 9.140 1
353870.000 360736.310 8.600 1
353869.220 360736.530 8.010 1
353869.650 360736.660 8.150 1
353870.560 360736.400 8.860 1
353871.390 360736.190 9.300 1
353872.270 360735.950 9.870 1
353873.070 360735.740 10.200 1
353873.830 360735.560 10.350 4
353874.570 360735.380 10.430 4
353875.300 360735.210 10.470 3
353875.910 360735.090 10.090 3
353876.550 360734.950 9.780 3
353877.170 360734.840 9.430 3
353877.860 360734.680 9.330 3
353878.620 360734.490 9.460 7
353879.380 360734.310 9.600 7
353880.100 360734.140 9.610 7
353880.850 360733.960 9.680 7
353881.590 360733.790 9.750 7
353882.360 360733.600 9.930 7
353883.080 360733.430 9.910 7
353883.920 360733.210 10.340 -1
353884.560 360733.070 10.030 7
353885.310 360732.890 10.120 7
353886.060 360732.710 10.220 7
353886.800 360732.540 10.280 7
353887.550 360732.360 10.370 7
353888.290 360732.190 10.370 7
353889.200 360731.930 11.110 -1
353889.700 360731.870 10.190 7
353890.390 360731.720 10.050 8
353891.130 360731.550 10.110 8
353894.150 360730.820 10.480 2
353894.820 360730.680 10.230 2
353895.390 360730.580 9.630 2
353896.060 360730.430 9.390 2
353896.700 360730.310 9.000 2
353897.360 360730.170 8.730 2
353898.010 360730.030 8.400 2
353898.630 360730.680 7.990 2
353898.130 360730.770 8.520 2
353897.550 360730.890 8.690 2
353896.980 360731.010 8.950 2
353896.450 360731.110 9.340 2
353895.940 360731.210 9.800 2
353895.360 360731.330 10.010 2
353894.820 360731.440 10.320 2
353894.290 360731.540 10.720 2
353893.730 360731.660 10.980 0
353893.030 360731.840 10.690 0
353892.260 360732.050 10.160 0
353891.500 360732.260 9.640 0
353890.900 360732.390 9.770 8
353890.310 360732.510 9.890 8
353889.690 360732.650 9.950 8
353889.060 360732.800 9.940 8
353888.460 360732.940 10.010 8
353887.860 360733.070 10.130 8
353887.250 360733.210 10.200 7
353886.620 360733.360 10.210 7
353886.030 360733.490 10.360 7
353885.420 360733.630 10.410 7
353884.780 360733.780 10.380 7
353884.260 360733.880 10.720 -1
353883.510 360734.080 10.290 7
353882.840 360734.250 10.100 7
353882.190 360734.410 10.000 7
353881.580 360734.550 10.060 7
353880.910 360734.720 9.870 7
353880.280 360734.860 9.910 7
353879.640 360735.020 9.800 7
353878.950 360735.200 9.560 7
353878.360 360735.330 9.680 7
353877.700 360735.490 9.550 3
353877.090 360735.630 9.610 3
353876.580 360735.720 10.010 3
353876.030 360735.830 10.320 3
353875.520 360735.930 10.670 3
353875.030 360736.020 11.180 1
353874.320 360736.200 10.860 1
353873.650 360736.370 10.670 1
353872.870 360736.580 10.080 1
353872.140 360736.780 9.650 1
353871.330 360737.000 9.010 1
353870.580 360737.210 8.480 1
353869.810 360737.420 7.980 1
353870.420 360737.460 8.380 1
353871.310 360737.220 9.000 1
353872.160 360737.000 9.510 1
353873.070 360736.740 10.230 1
353873.880 360736.540 10.560 1
353874.670 360736.340 10.840 1
353875.320 360736.200 10.610 3
353875.970 360736.060 10.360 3
353876.600 360735.930 10.040 3
353877.230 360735.810 9.710 3
353877.940 360735.640 9.700 7
353878.680 360735.470 9.750 7
353879.420 360735.290 9.840 7
353880.200 360735.100 10.050 7
353880.920 360734.930 10.040 7
353881.640 360734.760 10.070 7
353882.410 360734.570 10.230 7
353883.140 360734.400 10.250 7
353883.950 360734.190 10.570 7
353884.630 360734.040 10.440 7
353885.330 360733.880 10.340 7
353886.030 360733.720 10.240 7
353886.750 360733.550 10.230 7
353887.450 360733.400 10.130 8
353888.150 360733.240 9.990 8
353888.860 360733.080 9.970 8
353889.590 360732.910 9.960 8
353890.290 360732.760 9.840 8
353890.980 360732.610 9.730 8
353894.830 360731.670 10.490 2
353895.440 360731.550 10.070 2
353896.090 360731.410 9.730 2
353896.710 360731.290 9.270 2
353897.330 360731.170 8.880 2
353897.970 360731.040 8.510 2
353898.590 360730.920 8.040 2
353899.050 360731.650 8.000 2
353898.550 360731.740 8.510 2
353897.990 360731.850 8.780 2
353897.460 360731.960 9.200 2
353896.900 360732.070 9.440 2
353896.370 360732.180 9.860 2
353895.780 360732.310 9.970 -1
353895.260 360732.400 10.430 2
353894.730 360732.510 10.810 2
353894.220 360732.600 11.260 0
353893.400 360732.830 10.560 0
353892.700 360733.010 10.230 0
353891.880 360733.240 9.520 0
353891.230 360733.410 9.400 0
353890.630 360733.540 9.520 8
353890.020 360733.670 9.600 8
353889.400 360733.810 9.600 8
353888.790 360733.950 9.690 8
353888.150 360734.100 9.640 8
353887.560 360734.240 9.770 8
353886.950 360734.370 9.920 8
353886.340 360734.510 9.930 8
353885.720 360734.650 9.990 8
353885.160 360734.770 10.190 8
353884.650 360734.870 10.660 7
353883.910 360735.060 10.210 8
353883.310 360735.200 10.320 7
353882.720 360735.330 10.470 7
353882.080 360735.490 10.350 7
353881.470 360735.620 10.460 7
353880.810 360735.790 10.290 7
353880.180 360735.930 10.290 7
353879.530 360736.090 10.200 7
353878.870 360736.250 10.050 7
353878.250 360736.400 10.090 7
353877.570 360736.570 9.830 3
353876.970 360736.710 9.940 3
353876.450 360736.800 10.290 3
353875.920 360736.910 10.640 3
353875.380 360737.020 10.930 1
353874.750 360737.170 10.890 1
353873.980 360737.370 10.380 1
353873.280 360737.560 10.040 1
353872.530 360737.760 9.590 1
353871.790 360737.960 9.140 1
353870.990 360738.180 8.470 1
353870.660 360738.510 8.140 1
353871.570 360738.260 8.840 1
353872.400 360738.040 9.260 1
353873.290 360737.800 9.870 1
353874.130 360737.580 10.350 1
353874.990 360737.350 10.840 1
353875.730 360737.180 10.880 3
353876.350 360737.050 10.560 3
353876.940 360736.950 10.050 3
353877.660 360736.780 10.020 3
353878.410 360736.600 10.160 7
353879.180 360736.410 10.300 7
353879.910 360736.240 10.330 7
353880.660 360736.060 10.430 7
353881.400 360735.880 10.480 7
353882.110 360735.720 10.430 7
353882.820 360735.560 10.360 7
353883.480 360735.420 10.130 8
353884.230 360735.240 10.170 8
353885.620 360734.930 9.950 8
353886.310 360734.770 9.800 8
353887.020 360734.610 9.720 8
353887.750 360734.450 9.690 8
353888.460 360734.280 9.610 8
353889.130 360734.140 9.380 8
353889.870 360733.960 9.440 8
353890.590 360733.810 9.370 8
353895.290 360732.650 10.530 2
353895.920 360732.520 10.110 2
353896.510 360732.410 9.600 2
353897.180 360732.270 9.340 2
353897.840 360732.140 9.010 2
353898.500 360732.000 8.710 2
353899.090 360731.890 8.160 2
353899.640 360732.640 7.980 2
353899.150 360732.720 8.530 2
353898.590 360732.840 8.800 2
353898.040 360732.950 9.090 2
353897.470 360733.070 9.340 2
353896.950 360733.170 9.730 2
353896.380 360733.290 10.000 2
353895.890 360733.370 10.500 2
353895.330 360733.490 10.760 2
353894.810 360733.590 11.200 0
353894.070 360733.790 10.720 0
353893.310 360734.000 10.240 0
353892.570 360734.200 9.730 0
353891.790 360734.410 9.190 0
353891.130 360734.570 9.050 0
353890.530 360734.710 9.140 8
353889.880 360734.850 9.080 8
353889.280 360734.990 9.140 8
353888.680 360735.120 9.260 8
353888.090 360735.260 9.370 8
353887.470 360735.400 9.400 8
353886.870 360735.530 9.540 8
353886.240 360735.680 9.530 8
353885.660 360735.810 9.690 8
353885.180 360735.890 10.230 -1
353884.440 360736.090 9.800 8
353883.850 360736.220 9.910 8
353883.210 360736.370 9.870 8
353882.600 360736.510 9.910 8
353882.030 360736.640 10.090 8
353881.420 360736.770 10.170 8
353880.850 360736.900 10.350 7
353880.250 360737.030 10.450 7
353879.820 360737.100 11.150 -1
353879.050 360737.310 10.580 7
353878.360 360737.480 10.370 7
353877.730 360737.630 10.300 3
353877.100 360737.780 10.270 3
353876.600 360737.870 10.690 3
353876.030 360737.990 10.890 3
353875.420 360738.130 10.920 1
353874.690 360738.320 10.520 1
353873.910 360738.540 9.950 1
353873.230 360738.710 9.690 1
353872.450 360738.920 9.150 1
353871.700 360739.130 8.660 1
353870.910 360739.350 8.030 1
353871.380 360739.400 8.260 1
353872.290 360739.150 8.940 1
353873.170 360738.910 9.500 1
353873.980 360738.700 9.860 1
353874.900 360738.450 10.590 1
353875.750 360738.220 11.030 1
353876.390 360738.090 10.760 3
353877.010 360737.980 10.350 3
353877.760 360737.800 10.440 7
353878.470 360737.630 10.400 7
353879.210 360737.460 10.450 7
353880.120 360737.200 11.150 -1
353880.560 360737.160 10.080 8
353881.320 360736.980 10.180 8
353882.020 360736.820 10.060 8
353882.710 360736.670 9.950 8
353883.420 360736.510 9.870 8
353884.120 360736.350 9.750 8
353884.790 360736.200 9.530 8
353885.540 360736.020 9.610 8
353886.230 360735.870 9.440 8
353886.960 360735.700 9.440 8
353887.660 360735.550 9.320 8
353888.380 360735.380 9.240 8
353889.070 360735.230 9.090 8
353889.800 360735.060 9.090 8
353890.510 360734.910 8.970 8
353891.250 360734.730 9.010 0
353892.100 360734.510 9.470 0
353896.020 360733.540 10.380 2
353896.630 360733.430 9.910 2
353897.300 360733.290 9.650 2
353897.910 360733.170 9.140 2
353898.580 360733.030 8.870 2
353899.210 360732.910 8.430 2
353899.830 360732.790 7.970 2
353900.420 360733.510 7.920 2
353899.920 360733.600 8.430 2
353899.340 360733.720 8.650 2
353898.820 360733.820 9.040 2
353898.230 360733.950 9.250 2
353897.710 360734.050 9.640 2
353897.190 360734.150 10.060 2
353896.630 360734.260 10.350 2
353896.080 360734.380 10.620 2
353895.560 360734.470 11.070 0
353894.870 360734.650 10.800 0
353894.110 360734.860 10.300 0
353893.360 360735.060 9.860 0
353892.600 360735.270 9.300 0
353891.880 360735.450 8.970 0
353891.180 360735.630 8.660 0
353890.520 360735.790 8.560 0
353889.930 360735.920 8.720 8
353889.340 360736.040 8.850 8
353888.690 360736.200 8.780 8
353888.120 360736.330 8.930 8
353887.520 360736.460 9.070 8
353886.910 360736.600 9.100 8
353886.290 360736.740 9.190 8
353885.850 360736.800 9.910 -1
353885.050 360737.020 9.230 8
353884.450 360737.160 9.340 8
353883.850 360737.300 9.430 8
353883.230 360737.440 9.450 8
353882.680 360737.550 9.730 8
353882.040 360737.710 9.680 8
353881.440 360737.840 9.780 8
353880.870 360737.970 9.930 8
353880.240 360738.110 9.950 8
353879.660 360738.240 10.090 8
353879.040 360738.390 10.090 8
353878.430 360738.530 10.150 3
353877.830 360738.660 10.230 3
353877.280 360738.780 10.520 3
353876.730 360738.890 10.730 3
353876.220 360738.980 11.200 1
353875.460 360739.190 10.650 1
353874.700 360739.390 10.140 1
353873.970 360739.590 9.750 1
353873.230 360739.790 9.290 1
353872.470 360739.990 8.810 1
353871.710 360740.200 8.250 1
353872.000 360740.360 8.490 1
353872.870 360740.130 9.050 1
353873.690 360739.920 9.410 1
353874.550 360739.690 9.900 1
353875.400 360739.460 10.390 1
353876.300 360739.220 11.050 1
353876.920 360739.090 10.650 3
353877.570 360738.970 10.400 3
353878.240 360738.820 10.180 3
353878.950 360738.660 10.110 8
353879.640 360738.500 10.000 8
353880.320 360738.360 9.840 8
353881.050 360738.180 9.840 8
353881.740 360738.030 9.710 8
353882.450 360737.870 9.640 8
353883.130 360737.720 9.450 8
353883.830 360737.560 9.340 8
353884.530 360737.410 9.250 8
353885.260 360737.240 9.230 8
353886.070 360737.030 9.520 8
353886.670 360736.920 9.050 8
353887.380 360736.760 8.910 8
353888.080 360736.600 8.800 8
353888.780 360736.440 8.700 8
353889.510 360736.280 8.660 8
353890.230 360736.120 8.580 8
353890.980 360735.940 8.680 0
353895.960 360734.660 10.870 2
353896.570 360734.540 10.410 2
353897.240 360734.400 10.150 2
353897.850 360734.290 9.630 2
353898.500 360734.150 9.320 2
353899.130 360734.030 8.890 2
353899.820 360733.880 8.660 2
353900.360 360733.800 7.920 2
353900.520 360734.520 8.300 2
353899.970 360734.630 8.610 2
353899.410 360734.750 8.940 2
353898.870 360734.860 9.240 2
353898.300 360734.970 9.530 2
353897.780 360735.070 9.950 2
353897.220 360735.190 10.200 2
353896.680 360735.300 10.560 2
353896.070 360735.440 10.630 -1
353895.450 360735.580 10.700 0
353894.780 360735.740 10.510 0
353894.050 360735.940 10.120 0
353893.260 360736.160 9.500 0
353892.510 360736.360 9.030 0
353891.800 360736.540 8.740 0
353891.040 360736.750 8.210 0
353890.430 360736.890 8.290 8
353889.820 360737.020 8.390 8
353889.190 360737.170 8.330 -1
353888.560 360737.310 8.380 -1
353887.970 360737.440 8.490 -1
353887.380 360737.570 8.650 8
353886.740 360737.720 8.610 -1
353886.280 360737.790 9.260 8
353885.510 360738.000 8.740 -1
353884.940 360738.120 8.950 8
353884.330 360738.260 9.050 8
353883.730 360738.400 9.100 8
353883.110 360738.540 9.170 8
353882.520 360738.670 9.290 8
353881.920 360738.810 9.370 8
353881.300 360738.950 9.450 8
353880.740 360739.070 9.650 8
353880.130 360739.210 9.720 8
353879.480 360739.370 9.620 3
353878.910 360739.490 9.840 3
353878.400 360739.580 10.280 3
353877.860 360739.700 10.550 3
353877.280 360739.820 10.760 3
353876.780 360739.910 11.160 1
353876.000 360740.120 10.620 1
353875.290 360740.300 10.280 1
353874.540 360740.500 9.820 1
353873.800 360740.700 9.400 1
353873.030 360740.910 8.820 1
353872.210 360741.140 8.140 1
353872.690 360741.230 8.500 1
353873.550 360741.000 9.050 1
353874.430 360740.760 9.630 1
353875.290 360740.530 10.130 1
353876.170 360740.290 10.770 1
353876.970 360740.090 11.050 1
353877.550 360739.990 10.530 3
353878.210 360739.850 10.330 3
353878.870 360739.710 10.110 3
353879.450 360739.600 9.580 3
353880.160 360739.440 9.550 3
353880.840 360739.290 9.360 8
353881.580 360739.110 9.410 8
353882.220 360738.980 9.130 8
353882.950 360738.800 9.160 8
353883.680 360738.640 9.140 8
353884.320 360738.500 8.880 8
353885.060 360738.330 8.910 8
353885.770 360738.160 8.840 8
353886.580 360737.960 9.180 8
353887.150 360737.860 8.540 8
353887.910 360737.680 8.640 8
353888.550 360737.550 8.320 -1
353889.300 360737.370 8.390 8
353890.000 360737.220 8.280 8
353890.650 360737.080 8.000 0
353891.500 360736.860 8.460 0
353893.210 360736.410 9.440 0
353897.110 360735.440 10.390 2
353897.750 360735.320 10.010 2
353898.360 360735.200 9.560 2
353899.010 360735.060 9.220 2
353899.650 360734.940 8.850 2
353900.260 360734.820 8.390 2
353900.880 360734.700 7.920 2
353901.170 360735.420 8.240 2
353900.640 360735.530 8.590 2
353900.060 360735.650 8.810 2
353899.550 360735.750 9.300 2
353899.010 360735.850 9.620 2
353898.380 360736.000 9.660 6
353897.810 360736.120 9.900 6
353897.240 360736.240 10.120 6
353896.600 360736.390 10.090 6
353895.990 360736.530 10.150 6
353895.400 360736.660 10.290 0
353894.710 360736.840 10.040 0
353894.010 360737.020 9.780 0
353893.190 360737.250 9.040 0
353892.530 360737.410 8.890 0
353891.700 360737.640 8.170 0
353888.510 360738.390 7.970 -1
353887.950 360738.510 8.210 8
353887.340 360738.650 8.310 8
353886.890 360738.720 8.960 -1
353886.120 360738.920 8.470 8
353885.510 360739.060 8.540 8
353884.900 360739.200 8.570 8
353884.290 360739.340 8.680 8
353883.690 360739.480 8.730 8
353883.060 360739.630 8.760 8
353882.470 360739.760 8.870 8
353881.930 360739.870 9.170 8
353881.250 360740.040 8.990 3
353880.680 360740.160 9.190 3
353880.100 360740.280 9.390 3
353879.610 360740.380 9.840 3
353879.030 360740.500 10.040 3
353878.480 360740.610 10.310 3
353877.950 360740.720 10.640 3
353877.470 360740.810 11.160 1
353876.730 360740.990 10.720 1
353875.960 360741.200 10.220 1
353875.260 360741.380 9.900 1
353874.510 360741.580 9.440 1
353873.750 360741.790 8.950 1
353873.010 360741.990 8.470 1
353873.270 360742.160 8.470 1
353874.180 360741.910 9.130 1
353875.050 360741.680 9.670 1
353875.930 360741.440 10.230 1
353876.790 360741.220 10.700 1
353877.620 360741.010 11.090 1
353878.200 360740.900 10.570 3
353878.830 360740.780 10.180 3
353879.490 360740.640 9.920 3
353880.160 360740.490 9.730 3
353880.790 360740.370 9.320 3
353881.460 360740.230 9.090 3
353882.170 360740.060 9.040 8
353882.840 360739.920 8.780 8
353883.540 360739.760 8.660 8
353884.260 360739.600 8.640 8
353884.950 360739.440 8.470 8
353885.680 360739.280 8.420 8
353886.390 360739.120 8.290 8
353887.240 360738.900 8.740 8
353887.780 360738.810 7.960 -1
353892.400 360737.710 8.700 0
353893.220 360737.500 9.020 0
353894.990 360737.020 10.160 0
353896.000 360736.720 11.230 0
353896.400 360736.710 9.900 6
353897.100 360736.550 9.720 6
353897.790 360736.400 9.530 6
353898.500 360736.240 9.410 6
353899.210 360736.080 9.290 2
353899.900 360735.940 9.040 2
353900.540 360735.810 8.710 2
353901.190 360735.680 8.310 2
353901.870 360736.460 8.080 2
353901.330 360736.570 8.450 2
353900.670 360736.730 8.370 6
353900.120 360736.840 8.680 6
353899.520 360736.970 8.850 6
353898.950 360737.100 9.030 6
353898.340 360737.230 9.140 6
353897.720 360737.370 9.200 6
353897.090 360737.520 9.180 6
353896.500 360737.650 9.380 6
353895.940 360737.770 9.610 6
353895.310 360737.910 9.660 6
353894.690 360738.060 9.670 0
353893.980 360738.240 9.410 0
353893.230 360738.440 8.920 0
353892.490 360738.640 8.490 0
353884.780 360740.460 7.970 -1
353884.200 360740.580 8.200 -1
353883.650 360740.700 8.470 8
353883.010 360740.850 8.440 3
353882.410 360740.980 8.550 3
353881.860 360741.100 8.830 3
353881.330 360741.200 9.210 3
353880.790 360741.310 9.510 3
353880.230 360741.430 9.770 3
353879.680 360741.540 10.060 3
353879.150 360741.650 10.400 3
353878.570 360741.770 10.590 3
353878.080 360741.860 11.090 1
353877.380 360742.040 10.830 1
353876.610 360742.240 10.260 1
353875.870 360742.440 9.840 1
353875.150 360742.620 9.510 1
353874.390 360742.830 8.990 1
353873.590 360743.050 8.390 1
353874.060 360743.140 8.770 1
353874.870 360742.930 9.140 1
353875.750 360742.690 9.690 1
353876.600 360742.460 10.170 1
353877.490 360742.230 10.780 1
353878.260 360742.050 10.950 1
353878.890 360741.920 10.590 3
353879.530 360741.780 10.290 3
353880.160 360741.660 9.950 3
353880.750 360741.550 9.390 3
353881.410 360741.410 9.190 3
353882.050 360741.280 8.820 3
353882.680 360741.150 8.460 3
353883.400 360740.990 8.420 3
353884.000 360740.870 7.940 3
353892.070 360739.000 7.920 0
353892.980 360738.750 8.580 0
353893.900 360738.500 9.310 0
353894.750 360738.270 9.740 0
353895.430 360738.130 9.540 6
353896.140 360737.970 9.440 6
353896.820 360737.820 9.200 6
353897.510 360737.670 9.030 6
353898.240 360737.500 8.990 6
353898.920 360737.360 8.750 6
353899.600 360737.210 8.530 6
353900.320 360737.050 8.480 6
353901.020 360736.890 8.300 6
353901.710 360736.740 8.100 2
353899.900 360738.010 7.980 6
353899.270 360738.150 8.000 6
353898.730 360738.260 8.340 6
353898.160 360738.380 8.610 6
353897.560 360738.510 8.730 6
353896.980 360738.640 8.910 6
353896.350 360738.790 8.930 6
353895.770 360738.910 9.120 6
353895.140 360739.060 9.160 6
353894.510 360739.210 9.130 0
353893.860 360739.360 9.050 0
353893.060 360739.590 8.420 0
353883.480 360741.840 7.930 -1
353882.980 360741.940 8.420 3
353882.460 360742.030 8.840 3
353881.920 360742.140 9.150 3
353881.360 360742.260 9.430 3
353880.870 360742.350 9.890 3
353880.290 360742.480 10.080 3
353879.760 360742.580 10.440 3
353879.210 360742.690 10.700 3
353878.680 360742.800 11.090 1
353878.010 360742.960 10.900 1
353877.210 360743.190 10.250 1
353876.500 360743.360 9.910 1
353875.730 360743.570 9.420 1
353874.990 360743.770 8.950 1
353874.230 360743.980 8.450 1
353874.110 360744.250 8.340 1
353874.980 360744.020 8.930 1
353875.860 360743.780 9.520 1
353876.660 360743.580 9.800 1
353878.390 360743.120 10.910 1
353879.110 360742.960 10.870 3
353879.740 360742.830 10.560 3
353880.320 360742.720 10.040 3
353880.990 360742.580 9.790 3
353881.600 360742.460 9.390 3
353882.240 360742.320 9.100 3
353882.860 360742.200 8.670 3
353883.450 360742.090 8.170 -1
353892.890 360739.910 8.040 0
353893.830 360739.650 8.800 0
353894.630 360739.450 9.050 6
353895.320 360739.300 8.900 6
353896.040 360739.130 8.850 6
353896.660 360739.010 8.420 6
353897.440 360738.820 8.620 6
353898.110 360738.680 8.360 6
353900.150 360737.920 13.490 -1
353898.760 360738.540 8.010 6
353896.920 360739.770 7.750 -1
353896.360 360739.890 7.980 -1
353895.810 360740.000 8.300 6
353895.240 360740.120 8.550 6
353894.630 360740.260 8.620 6
353894.000 360740.400 8.660 0
353893.210 360740.630 7.970 -1
353883.860 360742.780 8.370 3
353883.260 360742.920 8.510 -1
353882.730 360743.020 8.830 3
353882.220 360743.110 9.310 3
353881.660 360743.230 9.550 3
353881.120 360743.340 9.870 3
353880.580 360743.450 10.180 3
353880.060 360743.550 10.550 3
353879.470 360743.680 10.720 3
353878.920 360743.800 10.950 1
353878.190 360743.990 10.580 1
353877.440 360744.190 10.110 1
353876.670 360744.400 9.580 1
353875.960 360744.570 9.280 1
353875.220 360744.770 8.800 1
353874.370 360745.020 8.000 -1
353874.860 360745.080 8.480 1
353875.710 360744.860 8.970 1
353876.600 360744.630 9.570 1
353879.820 360743.810 10.740 3
353880.410 360743.700 10.270 3
353881.070 360743.560 9.990 3
353881.720 360743.430 9.690 3
353882.340 360743.300 9.300 3
353882.970 360743.180 8.910 3
353883.610 360743.050 8.560 3
353893.850 360740.670 8.470 0
353894.600 360740.500 8.490 6
353895.290 360740.350 8.330 6
353895.940 360740.210 8.010 6
353893.880 360741.550 7.970 -1
353884.480 360743.730 8.200 3
353883.970 360743.820 8.640 3
353883.430 360743.930 9.000 3
353882.850 360744.060 9.130 3
353882.310 360744.170 9.490 3
353881.790 360744.270 9.880 3
353881.230 360744.380 10.160 3
353880.690 360744.490 10.480 3
353880.160 360744.600 10.790 3
353879.550 360744.740 10.880 1
353878.830 360744.930 10.520 1
353878.080 360745.130 10.070 1
353877.330 360745.330 9.600 1
353876.620 360745.510 9.280 1
353875.880 360745.700 8.870 1
353875.110 360745.910 8.310 1
353875.600 360745.990 8.610 1
353877.340 360745.530 9.700 1
353879.800 360744.900 10.780 3
353880.470 360744.760 10.570 3
353881.100 360744.630 10.220 3
353881.740 360744.500 9.900 3
353882.400 360744.360 9.670 3
353883.000 360744.240 9.170 3
353883.660 360744.100 8.940 3
353884.270 360743.980 8.500 3
353884.960 360744.770 8.370 3
353884.390 360744.890 8.590 3
353883.850 360745.000 8.900 3
353883.330 360745.100 9.300 3
353882.820 360745.190 9.710 3
353882.190 360745.340 9.700 3
353881.570 360745.490 9.730 9
353881.030 360745.600 10.000 9
353880.440 360745.730 10.160 9
353879.840 360745.860 10.220 9
353879.240 360746.000 10.330 1
353878.590 360746.160 10.200 1
353877.820 360746.370 9.650 1
353877.090 360746.560 9.290 1
353876.330 360746.770 8.750 1
353875.500 360746.990 8.020 1
353875.900 360747.070 8.310 1
353876.790 360746.830 8.940 1
353877.680 360746.590 9.510 1
353878.590 360746.340 10.180 1
353879.330 360746.170 10.240 1
353879.990 360746.030 9.990 9
353880.700 360745.870 9.900 9
353881.380 360745.720 9.740 9
353882.100 360745.550 9.670 9
353882.830 360745.380 9.650 3
353883.460 360745.260 9.300 3
353884.110 360745.120 9.000 3
353884.730 360745.000 8.520 3
353885.290 360744.910 7.910 -1
353885.260 360745.660 8.370 3
353884.750 360745.760 8.760 3
353884.150 360745.900 8.880 9
353883.520 360746.040 8.870 9
353882.940 360746.170 9.030 9
353882.360 360746.290 9.270 9
353881.740 360746.440 9.250 9
353881.160 360746.560 9.430 9
353880.570 360746.700 9.540 9
353879.980 360746.830 9.680 9
353879.350 360746.970 9.690 9
353878.810 360747.090 9.970 1
353878.070 360747.280 9.570 1
353877.290 360747.500 8.960 1
353876.580 360747.680 8.680 1
353876.110 360748.100 8.020 1
353877.040 360747.840 8.830 1
353877.900 360747.610 9.310 1
353878.740 360747.390 9.730 1
353879.440 360747.230 9.670 9
353880.110 360747.090 9.450 9
353880.790 360746.940 9.280 9
353881.480 360746.780 9.170 9
353882.150 360746.640 8.940 9
353882.840 360746.490 8.790 9
353883.600 360746.300 8.930 9
353884.250 360746.170 8.630 9
353884.990 360745.990 8.660 3
353885.600 360745.870 8.230 9
353884.760 360746.880 8.000 9
353884.120 360747.030 7.970 9
353883.590 360747.140 8.320 9
353883.020 360747.250 8.580 9
353882.400 360747.400 8.620 9
353881.830 360747.520 8.810 9
353881.200 360747.670 8.820 9
353880.620 360747.790 8.960 9
353879.980 360747.940 8.960 9
353879.420 360748.070 9.170 9
353878.810 360748.210 9.220 9
353878.200 360748.340 9.310 1
353877.460 360748.540 8.840 1
353876.630 360748.770 8.130 1
353876.810 360748.970 8.280 1
353877.680 360748.740 8.820 1
353878.530 360748.510 9.280 1
353879.200 360748.370 9.090 9
353879.860 360748.230 8.870 9
353880.560 360748.070 8.750 9
353881.280 360747.900 8.760 9
353881.940 360747.760 8.480 9
353882.630 360747.610 8.330 9
353883.290 360747.470 8.120 9
353883.970 360747.320 7.940 9
353881.230 360748.790 8.020 9
353880.700 360748.900 8.360 9
353880.080 360749.040 8.430 9
353879.530 360749.160 8.680 9
353878.930 360749.290 8.780 9
353878.330 360749.420 8.890 1
353877.600 360749.620 8.510 1
353877.390 360749.910 8.230 1
353878.220 360749.690 8.620 1
353878.900 360749.540 8.470 9
353879.610 360749.380 8.390 9
353880.280 360749.240 8.180 9
353880.990 360749.070 8.150 9
353877.940 360750.660 7.980 -1
353877.570 360750.930 7.940 1
353892.930 360721.410 8.140 2
353892.390 360721.530 8.530 2
353891.770 360721.660 8.530 5
353891.110 360721.800 8.460 5
353890.410 360721.970 8.190 5
353889.900 360722.290 8.190 5
353890.700 360722.110 8.410 5
353891.490 360721.940 8.620 5
353892.290 360721.750 8.850 2
353892.930 360721.620 8.450 2
353893.370 360722.410 8.450 2
353892.790 360722.540 8.630 2
353892.250 360722.650 9.010 2
353891.710 360722.770 9.340 2
353891.010 360722.920 9.110 5
353890.310 360723.080 8.840 5
353889.640 360723.230 8.700 5
353888.980 360723.380 8.610 5
353888.350 360723.530 8.600 -1
353887.660 360723.680 8.390 -1
353886.930 360723.850 8.040 5
353886.390 360724.210 8.010 5
353887.220 360724.020 8.340 5
353888.030 360723.840 8.580 5
353888.820 360723.660 8.760 5
353889.600 360723.480 8.870 5
353890.330 360723.320 8.860 5
353891.130 360723.140 9.080 5
353891.920 360722.970 9.240 2
353892.580 360722.830 8.910 2
353893.240 360722.690 8.580 2
353893.830 360722.560 7.980 2
353894.020 360723.320 8.130 2
353893.480 360723.430 8.520 2
353892.960 360723.540 8.920 2
353892.400 360723.670 9.210 2
353891.890 360723.770 9.650 2
353891.240 360723.910 9.610 5
353890.560 360724.060 9.420 5
353889.930 360724.210 9.410 5
353889.300 360724.350 9.450 -1
353888.610 360724.510 9.140 5
353887.910 360724.670 8.930 5
353887.210 360724.830 8.630 5
353886.570 360724.970 8.620 5
353885.910 360725.120 8.520 0
353885.270 360725.270 8.440 0
353884.550 360725.430 8.150 0
353885.140 360725.540 8.420 0
353885.920 360725.370 8.620 0
353886.730 360725.180 8.880 0
353887.470 360725.010 8.890 5
353888.300 360724.820 9.250 5
353888.990 360724.670 9.060 5
353889.770 360724.500 9.200 5
353890.580 360724.310 9.500 5
353891.350 360724.140 9.630 5
353892.080 360723.980 9.600 2
353892.710 360723.850 9.190 2
353893.330 360723.720 8.710 2
353893.970 360723.580 8.310 2
353894.550 360724.350 8.290 2
353894.010 360724.460 8.600 2
353893.480 360724.580 9.010 2
353892.930 360724.700 9.330 2
353892.400 360724.810 9.710 2
353891.840 360724.920 10.000 2
353891.270 360725.050 10.220 2
353890.600 360725.200 10.100 5
353889.900 360725.360 9.780 5
353889.260 360725.500 9.780 5
353888.600 360725.650 9.660 5
353887.960 360725.800 9.600 0
353887.280 360725.950 9.430 0
353886.590 360726.110 9.190 0
353885.830 360726.290 8.700 0
353885.020 360726.480 8.020 0
353885.310 360726.660 8.180 0
353886.250 360726.430 8.970 -1
353887.080 360726.240 9.310 0
353887.900 360726.060 9.600 0
353888.680 360725.880 9.810 0
353889.470 360725.700 10.000 5
353890.980 360725.360 10.160 5
353891.690 360725.200 10.060 2
353892.330 360725.070 9.650 2
353892.970 360724.930 9.290 2
353893.620 360724.800 8.970 2
353894.290 360724.650 8.660 2
353894.860 360724.530 7.990 2
353895.580 360725.320 8.020 2
353895.030 360725.440 8.360 2
353894.500 360725.550 8.790 2
353893.940 360725.670 9.060 2
353893.360 360725.800 9.280 2
353892.830 360725.910 9.720 2
353892.290 360726.030 10.060 2
353891.740 360726.130 10.410 2
353891.210 360726.250 10.800 2
353890.520 360726.410 10.590 0
353889.860 360726.550 10.540 0
353889.190 360726.710 10.350 0
353888.450 360726.880 9.970 -1
353887.700 360727.050 9.530 -1
353886.930 360727.230 9.030 0
353886.170 360727.410 8.570 0
353885.480 360727.570 8.330 7
353884.850 360727.710 8.350 7
353884.120 360727.880 8.000 7
353883.660 360728.190 8.080 7
353884.430 360728.020 8.200 7
353885.210 360727.840 8.400 7
353885.960 360727.670 8.490 7
353886.770 360727.480 8.770 0
353887.630 360727.280 9.250 0
353888.540 360727.070 9.950 0
353892.270 360726.230 10.150 2
353892.920 360726.100 9.810 2
353893.550 360725.960 9.400 2
353894.210 360725.820 9.080 2
353894.830 360725.690 8.660 2
353895.430 360725.560 8.120 2
353895.660 360726.390 8.540 2
353895.090 360726.520 8.730 2
353894.500 360726.650 8.910 2
353894.000 360726.750 9.440 2
353893.440 360726.870 9.680 2
353892.900 360726.990 10.060 2
353892.350 360727.100 10.330 2
353891.810 360727.210 10.700 2
353891.250 360727.340 10.950 0
353890.570 360727.490 10.750 0
353889.850 360727.660 10.450 0
353889.110 360727.830 9.970 0
353888.300 360728.020 9.330 0
353887.630 360728.180 9.110 0
353886.940 360728.340 8.920 7
353886.260 360728.490 8.730 7
353885.640 360728.630 8.750 7
353884.970 360728.780 8.630 7
353884.350 360728.920 8.620 7
353883.670 360729.080 8.450 7
353883.050 360729.220 8.490 7
353882.350 360729.380 8.220 7
353881.730 360729.520 8.260 7
353881.100 360729.660 8.220 7
353876.930 360730.610 6.810 -1
353876.700 360730.640 8.250 3
353876.130 360730.760 8.490 3
353875.440 360730.920 8.240 4
353874.750 360731.080 7.990 4
353874.120 360731.220 8.020 4
353873.210 360731.670 8.080 4
353873.920 360731.510 8.010 4
353874.750 360731.320 8.340 4
353875.570 360731.130 8.680 4
353876.330 360730.960 8.790 3
353876.890 360730.850 8.130 -1
353880.510 360730.050 7.890 7
353881.440 360729.840 8.600 -1
353882.140 360729.680 8.460 7
353882.890 360729.510 8.560 7
353883.640 360729.340 8.560 7
353884.420 360729.160 8.750 7
353885.180 360729.000 8.810 7
353885.930 360728.830 8.860 7
353886.690 360728.650 8.940 7
353887.490 360728.470 9.200 -1
353888.290 360728.290 9.430 0
353893.580 360727.110 9.830 2
353894.190 360726.980 9.300 2
353894.820 360726.840 8.900 2
353895.510 360726.690 8.690 2
353896.080 360726.580 7.990 2
353896.340 360727.350 8.300 2
353895.820 360727.460 8.770 2
353895.260 360727.580 9.030 2
353894.680 360727.710 9.250 2
353894.140 360727.830 9.600 2
353893.610 360727.940 9.990 2
353893.090 360728.050 10.470 2
353892.470 360728.180 10.470 -1
353891.940 360728.290 10.870 0
353891.330 360728.430 10.950 0
353890.540 360728.610 10.360 0
353889.820 360728.780 10.020 0
353889.100 360728.950 9.630 0
353888.420 360729.100 9.480 7
353887.760 360729.250 9.390 7
353887.110 360729.400 9.290 7
353886.460 360729.550 9.240 7
353885.800 360729.700 9.110 7
353885.150 360729.840 9.050 7
353884.490 360729.990 8.920 7
353883.830 360730.140 8.850 7
353883.170 360730.290 8.710 7
353882.560 360730.430 8.770 7
353882.040 360730.540 9.230 -1
353881.250 360730.730 8.570 7
353880.610 360730.870 8.560 7
353879.930 360731.030 8.380 7
353879.300 360731.170 8.410 7
353878.550 360731.340 8.000 3
353877.860 360731.500 7.740 -1
353877.350 360731.600 8.210 3
353876.820 360731.710 8.530 3
353876.270 360731.830 8.840 3
353875.680 360731.960 8.990 4
353875.030 360732.110 8.890 4
353874.380 360732.260 8.830 4
353873.750 360732.400 8.780 4
353873.070 360732.550 8.610 4
353872.380 360732.710 8.390 4
353871.660 360732.880 8.040 4
353870.460 360733.380 7.720 4
353871.270 360733.190 8.020 4
353872.100 360733.000 8.380 4
353872.870 360732.830 8.520 4
353873.650 360732.650 8.710 4
353874.410 360732.480 8.840 4
353875.220 360732.290 9.100 4
353875.970 360732.120 9.170 3
353876.600 360731.990 8.810 3
353877.250 360731.850 8.480 3
353877.860 360731.720 8.030 3
353878.660 360731.540 8.290 7
353879.440 360731.370 8.440 7
353880.200 360731.200 8.480 7
353880.960 360731.020 8.610 7
353881.740 360730.850 8.760 7
353882.550 360730.660 9.030 7
353883.250 360730.510 8.910 7
353884.010 360730.340 9.000 7
353884.820 360730.150 9.250 7
353885.550 360729.990 9.220 7
353886.270 360729.830 9.180 7
353887.040 360729.650 9.280 7
353887.830 360729.470 9.480 7
353888.590 360729.300 9.590 7
353893.860 360728.120 9.930 2
353894.490 360727.990 9.470 2
353895.140 360727.850 9.140 2
353895.780 360727.710 8.750 2
353896.420 360727.570 8.360 2
353897.270 360728.280 8.060 2
353896.750 360728.390 8.500 2
353896.240 360728.500 8.950 2
353895.670 360728.620 9.210 2
353895.090 360728.750 9.410 2
353894.510 360728.880 9.610 2
353893.970 360728.990 10.000 2
353893.460 360729.100 10.430 2
353892.900 360729.220 10.720 2
353892.380 360729.320 11.100 0
353891.640 360729.500 10.700 0
353890.240 360729.820 10.170 7
353889.580 360729.970 10.090 7
353888.910 360730.120 9.880 7
353888.270 360730.260 9.900 7
353887.630 360730.410 9.820 7
353886.950 360730.570 9.620 7
353886.310 360730.710 9.630 7
353885.650 360730.860 9.480 7
353885.000 360731.010 9.410 7
353884.340 360731.160 9.280 7
353883.700 360731.300 9.240 7
353883.050 360731.450 9.190 7
353882.560 360731.550 9.690 -1
353881.780 360731.740 9.120 7
353881.130 360731.880 9.040 7
353880.470 360732.030 8.930 7
353879.770 360732.190 8.710 7
353879.170 360732.330 8.800 7
353878.480 360732.480 8.620 7
353877.850 360732.620 8.580 3
353877.240 360732.750 8.650 3
353876.690 360732.870 8.960 3
353876.130 360732.990 9.160 3
353875.570 360733.110 9.450 3
353874.990 360733.240 9.590 4
353874.270 360733.410 9.270 4
353873.670 360733.540 9.360 4
353872.960 360733.710 9.070 4
353872.310 360733.850 8.990 4
353871.630 360734.010 8.770 4
353870.970 360734.160 8.670 4
353870.340 360734.300 8.600 4
353869.670 360734.460 8.460 4
353868.980 360734.610 8.240 4
353868.330 360734.760 8.150 1
353868.290 360734.990 7.820 4
353869.180 360734.780 8.370 4
353869.980 360734.600 8.700 4
353870.770 360734.420 8.900 4
353871.470 360734.260 8.760 4
353872.280 360734.070 9.100 4
353873.030 360733.910 9.140 4
353873.790 360733.730 9.260 4
353874.570 360733.550 9.480 4
353875.360 360733.380 9.670 3
353876.040 360733.230 9.460 3
353876.660 360733.090 9.100 3
353877.350 360732.940 8.910 3
353878.010 360732.800 8.630 3
353878.790 360732.630 8.840 7
353879.560 360732.460 8.980 7
353880.310 360732.290 9.000 7
353881.060 360732.120 9.030 7
353882.270 360731.820 10.850 -1
353882.760 360731.730 9.920 -1
353883.300 360731.620 9.180 7
353884.070 360731.440 9.310 7
353884.890 360731.260 9.600 7
353885.610 360731.090 9.570 7
353886.370 360730.920 9.680 7
353887.120 360730.750 9.690 7
353887.920 360730.570 9.930 7
353888.680 360730.400 10.040 7
353889.410 360730.230 10.010 7
353893.920 360729.230 10.310 2
353894.530 360729.100 9.810 2
353895.160 360728.970 9.360 2
353895.820 360728.820 9.100 2
353896.430 360728.690 8.540 2
353897.130 360728.540 8.370 2
353897.830 360729.300 7.950 2
353897.320 360729.410 8.380 2
353896.770 360729.530 8.720 2
353896.230 360729.640 9.070 2
353895.710 360729.750 9.530 2
353895.120 360729.880 9.680 2
353894.590 360730.000 10.060 2
353894.070 360730.110 10.490 2
353893.520 360730.230 10.760 2
353892.970 360730.340 11.100 0
353891.550 360730.670 10.460 0
353890.890 360730.820 10.390 7
353890.300 360730.950 10.490 7
353889.660 360731.090 10.460 7
353889.020 360731.240 10.420 7
353888.350 360731.390 10.280 7
353887.700 360731.540 10.200 7
353887.070 360731.680 10.160 7
353886.400 360731.830 10.020 7
353885.740 360731.980 9.920 7
353885.100 360732.130 9.880 7
353884.470 360732.270 9.860 7
353883.780 360732.430 9.620 7
353883.280 360732.530 10.120 -1
353882.490 360732.720 9.480 7
353881.850 360732.860 9.460 7
353881.190 360733.010 9.350 7
353880.560 360733.150 9.360 7
353879.940 360733.290 9.420 7
353879.250 360733.450 9.130 7
353878.610 360733.600 9.100 7
353877.920 360733.740 8.890 3
353877.290 360733.890 8.870 3
353876.770 360734.000 9.270 3
353876.250 360734.110 9.630 3
353875.680 360734.230 9.880 3
353875.110 360734.360 10.050 3
353874.470 360734.510 10.010 4
353873.840 360734.650 9.990 4
353873.160 360734.800 9.760 4
353872.510 360734.950 9.730 4
353871.840 360735.100 9.520 4
353871.150 360735.260 9.320 1
353870.470 360735.420 9.100 1
353869.720 360735.590 8.630 1
353868.940 360735.780 8.110 1
353869.220 360735.920 8.200 1
353870.120 360735.710 8.860 1
353871.000 360735.500 9.390 1
353871.740 360735.330 9.430 4
353872.520 360735.160 9.640 4
353873.280 360734.980 9.740 4
353874.110 360734.790 10.080 4
353874.830 360734.630 10.080 4
353875.590 360734.460 10.160 3
353876.190 360734.330 9.690 3
353876.850 360734.190 9.440 3
353877.440 360734.070 8.910 3
353878.220 360733.890 9.070 7
353878.980 360733.730 9.190 7
353879.710 360733.560 9.200 7
353880.520 360733.380 9.460 7
353881.250 360733.210 9.440 7
353882.020 360733.040 9.570 7
353882.820 360732.860 9.760 7
353883.610 360732.680 9.990 -1
353884.260 360732.540 9.690 7
353885.070 360732.350 9.960 7
353885.790 360732.190 9.900 7
353886.570 360732.010 10.100 7
353887.370 360731.830 10.310 7
353888.110 360731.660 10.310 7
353888.860 360731.490 10.400 7
353889.620 360731.320 10.440 7
353894.690 360730.200 10.060 2
353895.330 360730.060 9.680 2
353895.980 360729.920 9.340 2
353896.640 360729.780 9.000 2
353897.270 360729.640 8.570 2
353897.860 360729.520 7.980 2
353898.070 360730.370 8.260 2
353897.550 360730.480 8.740 2
353896.960 360730.610 8.930 2
353896.430 360730.720 9.290 2
353895.850 360730.850 9.530 2
353895.300 360730.970 9.860 2
353894.820 360731.060 10.460 2
353894.220 360731.200 10.600 2
353893.710 360731.310 11.040 0
353893.010 360731.470 10.800 0
353892.270 360731.630 10.380 0
353890.890 360731.950 9.950 8
353890.330 360732.070 10.200 8
353889.680 360732.220 10.170 8
353889.210 360732.310 10.780 7
353888.460 360732.490 10.320 7
353887.830 360732.630 10.360 7
353887.220 360732.770 10.420 7
353886.590 360732.910 10.460 7
353885.940 360733.060 10.330 7
353885.250 360733.220 10.150 7
353884.630 360733.350 10.170 7
353884.060 360733.480 10.400 -1
353883.310 360733.660 9.980 7
353882.650 360733.810 9.850 7
353882.010 360733.950 9.830 7
353881.390 360734.090 9.870 7
353880.710 360734.240 9.700 7
353880.060 360734.390 9.680 7
353879.390 360734.540 9.490 7
353878.760 360734.680 9.520 7
353878.100 360734.830 9.360 3
353877.450 360734.970 9.310 3
353876.880 360735.100 9.550 3
353876.370 360735.200 9.970 3
353875.790 360735.330 10.160 3
353875.280 360735.440 10.550 3
353874.660 360735.580 10.640 3
353874.000 360735.730 10.490 4
353873.350 360735.880 10.410 1
353872.640 360736.040 10.160 1
353871.890 360736.220 9.650 1
353871.140 360736.390 9.230 1
353870.360 360736.580 8.680 1
353869.580 360736.760 8.130 1
353870.110 360736.880 8.390 1
353871.020 360736.670 9.070 1
353871.880 360736.470 9.510 1
353872.740 360736.270 10.060 1
353873.590 360736.070 10.510 1
353874.390 360735.880 10.770 1
353875.120 360735.720 10.810 3
353875.690 360735.600 10.230 3
353876.360 360735.460 9.980 3
353876.990 360735.320 9.670 3
353877.650 360735.180 9.390 3
353878.430 360735.000 9.580 7
353879.180 360734.840 9.660 7
353879.950 360734.660 9.820 7
353880.720 360734.490 9.960 7
353881.460 360734.320 9.990 7
353882.190 360734.160 9.990 7
353882.950 360733.990 10.070 7
353883.830 360733.780 10.620 -1
353884.470 360733.640 10.310 7
353885.210 360733.480 10.320 7
353885.970 360733.310 10.400 7
353886.690 360733.140 10.400 7
353887.400 360732.990 10.280 7
353888.120 360732.830 10.210 8
353888.790 360732.680 10.010 8
353889.540 360732.510 10.060 8
353890.260 360732.350 10.000 8
353894.750 360731.350 10.300 2
353895.410 360731.200 9.990 2
353896.050 360731.070 9.650 2
353896.690 360730.930 9.220 2
353897.380 360730.780 9.050 2
353898.010 360730.640 8.670 2
353898.600 360730.520 8.040 2
353898.550 360731.410 8.320 2
353898.000 360731.530 8.670 2
353897.460 360731.640 9.010 2
353896.930 360731.760 9.420 2
353896.390 360731.870 9.780 2
353895.850 360731.990 10.160 2
353895.270 360732.120 10.350 2
353894.730 360732.230 10.690 2
353894.190 360732.350 11.050 0
353892.010 360732.850 9.960 0
353891.260 360733.020 9.480 0
353890.660 360733.160 9.640 8
353890.080 360733.290 9.780 8
353889.420 360733.430 9.690 8
353888.850 360733.560 9.940 8
353888.220 360733.700 9.920 8
353887.590 360733.840 9.950 8
353886.970 360733.980 9.970 8
353886.380 360734.110 10.120 8
353885.770 360734.250 10.210 8
353885.150 360734.390 10.250 7
353884.630 360734.500 10.690 7
353883.950 360734.660 10.450 7
353883.290 360734.810 10.360 7
353882.650 360734.950 10.300 7
353881.990 360735.100 10.200 7
353881.350 360735.240 10.200 7
353880.700 360735.390 10.130 7
353880.070 360735.530 10.110 7
353879.430 360735.680 10.070 7
353878.120 360735.970 9.890 7
353877.470 360736.110 9.790 3
353876.860 360736.250 9.880 3
353876.320 360736.370 10.180 3
353875.780 360736.480 10.510 3
353875.250 360736.600 10.880 3
353874.660 360736.730 11.010 1
353873.880 360736.910 10.440 1
353873.160 360737.080 10.110 1
353872.370 360737.270 9.530 1
353871.660 360737.430 9.190 1
353870.900 360737.610 8.730 1
353870.080 360737.810 8.010 1
353870.680 360737.880 8.360 1
353871.610 360737.660 9.090 1
353872.440 360737.460 9.500 1
353873.360 360737.250 10.170 1
353874.210 360737.050 10.620 1
353875.090 360736.840 11.190 1
353875.680 360736.720 10.670 3
353876.340 360736.570 10.390 3
353876.980 360736.440 10.070 3
353877.670 360736.280 9.920 3
353878.410 360736.120 9.920 7
353879.170 360735.950 10.060 7
353879.920 360735.780 10.110 7
353880.710 360735.600 10.320 7
353881.430 360735.440 10.280 7
353882.200 360735.270 10.380 7
353882.970 360735.100 10.480 7
353883.710 360734.930 10.520 7
353884.520 360734.740 10.800 7
353885.090 360734.630 10.170 8
353885.830 360734.460 10.180 8
353886.530 360734.310 10.050 8
353887.240 360734.150 9.960 8
353887.970 360733.980 9.910 8
353888.680 360733.830 9.820 8
353889.390 360733.670 9.730 8
353890.110 360733.510 9.640 8
353895.470 360732.300 10.380 2
353896.070 360732.170 9.840 2
353896.760 360732.020 9.640 2
353897.420 360731.880 9.290 2
353898.030 360731.750 8.800 2
353898.700 360731.600 8.520 2
353899.170 360732.380 8.280 2
353898.100 360732.610 9.080 2
353897.510 360732.740 9.240 2
353897.000 360732.850 9.720 2
353896.460 360732.970 10.090 2
353895.910 360733.080 10.420 2
353895.360 360733.200 10.760 2
353894.830 360733.320 11.110 0
353894.100 360733.490 10.750 0
353893.360 360733.660 10.340 0
353892.620 360733.820 9.930 0
353891.860 360734.000 9.460 0
353891.160 360734.160 9.170 0
353890.560 360734.300 9.330 8
353889.910 360734.450 9.260 8
353889.330 360734.570 9.460 8
353888.710 360734.710 9.490 8
353888.100 360734.850 9.580 8
353887.490 360734.980 9.690 8
353886.860 360735.130 9.670 8
353886.260 360735.260 9.810 8
353885.660 360735.390 9.920 8
353885.170 360735.500 10.460 -1
353884.400 360735.680 9.960 8
353883.830 360735.800 10.140 8
353883.190 360735.950 10.160 8
353882.570 360736.090 10.160 8
353881.960 360736.220 10.230 8
353881.360 360736.350 10.400 7
353880.760 360736.490 10.480 7
353879.500 360736.770 10.510 7
353878.790 360736.930 10.200 7
353878.130 360737.070 10.140 7
353877.490 360737.220 10.050 3
353876.890 360737.350 10.210 3
353876.380 360737.460 10.620 3
353875.820 360737.580 10.890 3
353875.210 360737.720 10.970 1
353874.500 360737.890 10.610 1
353873.750 360738.060 10.220 1
353872.990 360738.240 9.680 1
353872.220 360738.420 9.180 1
353871.460 360738.600 8.700 1
353870.650 360738.790 8.040 1
353871.050 360738.920 8.330 1
353871.950 360738.710 8.910 1
353872.880 360738.490 9.610 1
353873.730 360738.290 10.070 1
353874.610 360738.090 10.570 1
353875.460 360737.890 10.990 1
353876.160 360737.740 10.860 3
353876.770 360737.610 10.420 3
353877.470 360737.450 10.240 3
353878.200 360737.290 10.230 7
353879.010 360737.100 10.530 7
353879.810 360736.930 10.720 7
353880.510 360736.780 10.580 7
353881.200 360736.620 10.420 7
353881.920 360736.460 10.300 8
353882.640 360736.310 10.220 8
353883.330 360736.150 10.050 8
353884.060 360735.990 9.990 8
353884.810 360735.820 10.040 8
353885.500 360735.670 9.870 8
353886.190 360735.520 9.660 8
353886.910 360735.360 9.560 8
353887.610 360735.200 9.410 8
353888.360 360735.030 9.450 8
353889.060 360734.880 9.250 8
353889.820 360734.710 9.320 8
353890.550 360734.540 9.270 8
353896.050 360733.300 10.380 2
353896.670 360733.170 9.870 2
353897.340 360733.020 9.610 2
353898.000 360732.880 9.270 2
353898.620 360732.750 8.750 2
353899.260 360732.610 8.340 2
353899.870 360733.450 8.360 2
353899.320 360733.570 8.660 2
353898.740 360733.700 8.870 2
353897.670 360733.930 9.630 2
353897.090 360734.060 9.890 2
353896.570 360734.170 10.320 2
353896.030 360734.280 10.660 2
353895.490 360734.400 11.040 0
353894.070 360734.730 10.450 0
353893.320 360734.910 9.970 0
353892.550 360735.090 9.420 0
353891.820 360735.250 9.090 0
353891.090 360735.420 8.680 0
353890.510 360735.550 8.900 8
353889.910 360735.680 9.000 8
353889.250 360735.830 8.920 8
353888.650 360735.960 9.040 8
353888.060 360736.090 9.210 8
353887.420 360736.240 9.190 8
353886.810 360736.380 9.220 8
353886.190 360736.520 9.300 8
353885.700 360736.620 9.850 -1
353884.990 360736.780 9.520 8
353884.360 360736.920 9.570 8
353883.760 360737.060 9.620 8
353883.120 360737.210 9.610 8
353882.570 360737.330 9.900 8
353881.940 360737.470 9.930 8
353881.320 360737.610 9.980 8
353880.710 360737.740 10.040 8
353880.100 360737.880 10.150 8
353878.880 360738.140 10.280 8
353878.250 360738.280 10.290 8
353877.670 360738.410 10.460 3
353877.040 360738.550 10.490 3
353876.520 360738.660 10.850 3
353875.940 360738.790 11.040 1
353875.190 360738.970 10.580 1
353874.430 360739.150 10.090 1
353873.670 360739.320 9.640 1
353872.930 360739.500 9.170 1
353872.190 360739.670 8.810 1
353871.370 360739.870 8.100 1
353871.760 360739.990 8.460 1
353872.610 360739.800 8.890 1
353873.490 360739.590 9.470 1
353874.380 360739.380 10.030 1
353875.230 360739.180 10.480 1
353876.080 360738.980 10.940 1
353876.760 360738.840 10.730 3
353877.450 360738.680 10.600 3
353878.120 360738.530 10.360 3
353878.820 360738.380 10.240 8
353879.550 360738.230 10.200 8
353880.200 360738.080 9.940 8
353880.920 360737.920 9.890 8
353881.670 360737.760 9.870 8
353882.360 360737.600 9.750 8
353883.050 360737.450 9.570 8
353883.780 360737.290 9.520 8
353884.480 360737.130 9.430 8
353885.230 360736.960 9.460 8
353886.000 360736.790 9.570 8
353886.620 360736.660 9.130 8
353887.340 360736.490 9.090 8
353888.030 360736.340 8.900 8
353888.780 360736.170 8.920 8
353889.520 360736.010 8.960 8
353890.190 360735.860 8.690 8
353890.950 360735.690 8.770 0
353897.190 360734.270 10.010 2
353897.810 360734.140 9.530 2
353898.480 360733.990 9.260 2
353899.140 360733.850 8.970 2
353899.770 360733.720 8.510 2
353900.360 360733.600 7.860 2
353900.510 360734.420 8.350 2
353899.950 360734.540 8.640 2
353899.380 360734.670 8.910 2
353898.860 360734.780 9.350 2
353898.250 360734.910 9.470 2
353897.750 360735.020 9.970 2
353897.220 360735.130 10.370 2
353896.670 360735.250 10.670 2
353896.080 360735.380 10.890 -1
353895.440 360735.530 10.850 0
353894.700 360735.700 10.410 0
353893.970 360735.870 10.060 0
353893.240 360736.040 9.650 0
353892.490 360736.220 9.220 0
353891.720 360736.390 8.680 0
353891.010 360736.560 8.370 0
353890.400 360736.690 8.470 8
353889.800 360736.830 8.590 8
353889.140 360736.980 8.510 8
353888.530 360737.110 8.600 8
353887.930 360737.240 8.720 8
353887.310 360737.380 8.780 8
353886.730 360737.510 8.920 8
353886.270 360737.610 9.610 -1
353885.470 360737.800 8.980 8
353884.880 360737.930 9.120 8
353884.250 360738.070 9.140 8
353883.670 360738.200 9.300 8
353883.060 360738.340 9.420 8
353882.430 360738.480 9.380 8
353881.820 360738.610 9.500 8
353881.200 360738.750 9.530 8
353882.550 360738.330 16.930 -1
353880.610 360738.880 9.660 8
353879.390 360739.150 9.850 3
353878.810 360739.270 10.050 3
353878.210 360739.410 10.150 3
353877.660 360739.530 10.450 3
353877.130 360739.640 10.840 3
353876.550 360739.770 10.970 1
353875.790 360739.950 10.510 1
353875.100 360740.110 10.280 1
353874.340 360740.280 9.820 1
353873.590 360740.460 9.350 1
353872.840 360740.640 8.910 1
353872.010 360740.830 8.200 1
353871.910 360741.120 8.220 1
353872.790 360740.910 8.740 1
353873.650 360740.710 9.260 1
353874.560 360740.500 9.910 1
353875.380 360740.310 10.240 1
353876.230 360740.110 10.710 1
353877.070 360739.920 11.110 1
353877.700 360739.780 10.730 3
353878.320 360739.650 10.340 3
353878.950 360739.510 9.950 3
353879.610 360739.380 9.690 3
353880.340 360739.210 9.680 8
353881.080 360739.050 9.660 8
353881.740 360738.910 9.390 8
353882.470 360738.740 9.380 8
353883.170 360738.590 9.270 8
353883.890 360738.420 9.230 8
353884.590 360738.270 9.050 8
353885.250 360738.120 8.840 8
353886.030 360737.950 8.980 8
353886.720 360737.800 8.770 8
353887.420 360737.640 8.670 8
353888.130 360737.480 8.570 8
353888.850 360737.320 8.470 8
353889.560 360737.160 8.420 8
353890.270 360737.000 8.310 8
353890.990 360736.840 8.240 0
353891.860 360736.640 8.750 0
353897.400 360735.380 10.220 2
353898.040 360735.240 9.820 2
353898.680 360735.100 9.400 2
353899.320 360734.970 9.010 2
353900.010 360734.810 8.830 2
353900.620 360734.680 8.310 2
353901.290 360735.410 7.990 2
353900.800 360735.520 8.520 2
353900.240 360735.640 8.860 2
353899.680 360735.760 9.090 2
353899.140 360735.880 9.480 2
353898.550 360736.010 9.610 6
353898.010 360736.120 9.980 6
353897.370 360736.270 9.950 6
353896.760 360736.410 9.990 6
353896.170 360736.540 10.170 6
353895.600 360736.660 10.390 0
353894.870 360736.840 9.990 0
353894.190 360736.990 9.810 0
353893.490 360737.160 9.510 0
353892.680 360737.350 8.850 0
353891.970 360737.500 8.520 0
353889.290 360738.120 7.900 -1
353888.710 360738.250 8.070 -1
353888.130 360738.370 8.280 8
353887.530 360738.510 8.400 8
353887.040 360738.610 8.890 8
353886.270 360738.790 8.400 -1
353885.710 360738.920 8.630 8
353885.060 360739.060 8.570 8
353884.470 360739.190 8.710 8
353883.870 360739.330 8.810 8
353883.280 360739.460 8.970 8
353882.660 360739.600 8.950 8
353882.060 360739.730 9.120 8
353881.450 360739.870 9.140 3
353880.880 360740.000 9.350 3
353880.260 360740.140 9.370 3
353879.710 360740.250 9.690 3
353879.170 360740.360 10.030 3
353878.640 360740.480 10.370 3
353878.100 360740.590 10.730 3
353877.550 360740.710 11.000 1
353876.910 360740.860 10.930 1
353876.160 360741.030 10.490 1
353875.430 360741.210 10.060 1
353874.660 360741.390 9.560 1
353873.940 360741.550 9.190 1
353873.200 360741.730 8.760 1
353872.360 360741.930 8.010 1
353872.600 360742.100 8.110 1
353873.540 360741.880 8.900 1
353875.280 360741.470 9.880 1
353876.110 360741.280 10.260 1
353876.980 360741.080 10.780 1
353877.740 360740.900 10.860 3
353878.390 360740.760 10.560 3
353879.030 360740.630 10.210 3
353879.680 360740.490 9.870 3
353880.320 360740.360 9.480 3
353880.990 360740.210 9.250 3
353881.680 360740.060 9.080 3
353882.390 360739.900 8.980 8
353883.110 360739.740 8.940 8
353883.850 360739.570 8.910 8
353884.520 360739.430 8.650 8
353885.220 360739.270 8.510 8
353885.940 360739.110 8.430 8
353886.750 360738.920 8.700 8
353887.360 360738.790 8.220 8
353888.050 360738.640 8.030 -1
353891.840 360737.780 8.310 0
353892.730 360737.580 8.930 0
353893.610 360737.380 9.430 0
353894.480 360737.170 9.930 0
353896.700 360736.680 9.880 6
353898.140 360736.350 9.740 6
353898.840 360736.200 9.570 2
353899.600 360736.030 9.580 2
353900.180 360735.900 8.970 2
353900.840 360735.760 8.620 2
353901.430 360735.640 8.000 2
353901.530 360736.490 8.320 2
353900.930 360736.630 8.450 2
353900.330 360736.760 8.590 6
353899.770 360736.890 8.860 6
353899.180 360737.010 9.080 6
353898.590 360737.150 9.200 6
353897.970 360737.290 9.290 6
353897.340 360737.430 9.270 6
353896.720 360737.570 9.320 6
353896.160 360737.690 9.640 6
353895.550 360737.830 9.680 6
353894.960 360737.960 9.860 0
353894.200 360738.140 9.360 0
353893.490 360738.300 9.060 0
353892.740 360738.480 8.620 0
353892.030 360738.650 8.290 0
353886.160 360739.970 7.600 -1
353885.650 360740.080 8.060 -1
353885.030 360740.220 8.130 -1
353884.420 360740.360 8.170 -1
353883.820 360740.490 8.320 -1
353883.250 360740.620 8.550 3
353882.660 360740.750 8.710 3
353882.030 360740.890 8.730 3
353881.490 360741.010 9.010 3
353880.910 360741.130 9.250 3
353880.440 360741.230 9.800 3
353879.840 360741.360 9.980 3
353879.320 360741.460 10.400 3
353878.770 360741.580 10.650 3
353878.200 360741.710 10.890 3
353877.640 360741.830 11.110 1
353876.860 360742.020 10.590 1
353876.090 360742.200 10.060 1
353875.340 360742.370 9.580 1
353874.560 360742.560 9.070 1
353873.820 360742.730 8.590 1
353873.010 360742.930 7.970 1
353873.190 360743.150 8.060 1
353874.140 360742.920 8.840 1
353877.590 360742.120 10.770 1
353878.350 360741.940 10.920 3
353878.980 360741.810 10.510 3
353879.630 360741.680 10.190 3
353880.270 360741.540 9.890 3
353880.930 360741.390 9.570 3
353881.560 360741.260 9.150 3
353882.150 360741.130 8.620 3
353882.860 360740.980 8.550 3
353883.570 360740.820 8.400 3
353884.240 360740.670 8.200 -1
353884.910 360740.520 7.950 -1
353892.330 360738.860 8.070 0
353893.290 360738.630 8.890 0
353894.140 360738.430 9.360 0
353894.960 360738.240 9.640 0
353897.060 360737.780 9.190 6
353897.780 360737.620 9.070 6
353898.480 360737.460 8.910 6
353899.200 360737.300 8.860 6
353899.880 360737.150 8.580 6
353900.610 360736.990 8.530 6
353901.300 360736.840 8.310 2
353901.960 360736.690 8.010 2
353900.020 360738.070 7.960 6
353899.430 360738.200 8.070 6
353898.850 360738.330 8.320 6
353898.230 360738.460 8.390 6
353897.650 360738.590 8.580 6
353897.060 360738.720 8.770 6
353896.460 360738.860 8.890 6
353895.880 360738.990 9.110 6
353895.260 360739.130 9.150 6
353894.640 360739.260 9.220 0
353893.940 360739.430 8.970 0
353893.180 360739.610 8.440 0
353883.590 360741.770 8.090 3
353883.040 360741.890 8.440 3
353882.510 360742.010 8.770 3
353881.440 360742.240 9.510 3
353880.900 360742.360 9.840 3
353880.340 360742.470 10.200 3
353879.780 360742.600 10.410 3
353879.230 360742.710 10.730 3
353878.690 360742.820 11.070 1
353878.020 360742.980 10.900 1
353877.250 360743.160 10.420 1
353876.510 360743.330 9.960 1
353875.750 360743.510 9.520 1
353874.980 360743.690 8.980 1
353874.220 360743.870 8.520 1
353874.450 360744.050 8.600 1
353875.330 360743.850 9.140 1
353878.800 360743.030 11.190 1
353879.370 360742.910 10.650 3
353880.040 360742.770 10.400 3
353880.640 360742.650 9.880 3
353881.300 360742.500 9.610 3
353881.930 360742.370 9.230 3
353882.560 360742.230 8.840 3
353883.150 360742.110 8.340 -1
353893.510 360739.780 8.580 0
353894.400 360739.570 9.160 0
353895.070 360739.420 8.920 6
353895.760 360739.270 8.720 6
353896.490 360739.100 8.700 6
353897.200 360738.950 8.590 6
353897.890 360738.790 8.430 6
353898.560 360738.650 8.140 6
353899.260 360738.490 7.970 6
353896.510 360739.950 8.010 6
353895.950 360740.080 8.280 6
353895.390 360740.200 8.540 6
353894.760 360740.340 8.560 6
353894.220 360740.460 8.900 0
353893.360 360740.670 8.040 -1
353883.930 360742.790 8.230 3
353883.390 360742.910 8.560 3
353882.880 360743.020 9.030 3
353882.320 360743.140 9.290 3
353881.770 360743.260 9.580 3
353881.190 360743.390 9.800 3
353880.700 360743.490 10.300 3
353880.110 360743.620 10.490 3
353879.570 360743.730 10.800 3
353879.030 360743.850 11.130 1
353878.260 360744.030 10.630 1
353877.520 360744.200 10.190 1
353876.730 360744.390 9.640 1
353875.980 360744.570 9.120 1
353875.270 360744.730 8.880 1
353874.480 360744.920 8.250 1
353874.370 360745.230 8.130 1
353875.260 360745.020 8.680 1
353876.180 360744.800 9.340 1
353880.140 360743.900 10.470 3
353880.780 360743.760 10.110 3
353881.460 360743.610 9.870 3
353882.070 360743.480 9.430 3
353882.740 360743.340 9.170 3
353883.340 360743.210 8.670 3
353883.990 360743.070 8.340 3
353893.540 360740.930 8.150 0
353894.390 360740.730 8.570 6
353895.060 360740.580 8.250 6
353895.740 360740.430 8.060 6
353884.230 360743.880 8.470 3
353883.700 360744.000 8.870 3
353883.140 360744.120 9.180 3
353882.570 360744.240 9.360 3
353882.020 360744.360 9.690 3
353881.510 360744.470 10.130 3
353880.980 360744.590 10.520 3
353880.380 360744.720 10.670 3
353879.810 360744.850 10.870 1
353879.170 360744.980 10.850 1
353878.400 360745.160 10.320 1
353877.670 360745.330 9.960 1
353876.870 360745.520 9.370 1
353876.140 360745.700 8.950 1
353875.400 360745.870 8.570 1
353875.020 360746.220 8.120 1
353875.930 360746.010 8.780 1
353880.080 360745.050 10.600 3
353880.820 360744.880 10.620 3
353881.470 360744.750 10.270 3
353882.060 360744.620 9.740 3
353882.700 360744.480 9.380 3
353883.390 360744.330 9.210 3
353884.020 360744.190 8.810 3
353884.600 360744.070 8.240 3
353885.030 360744.880 8.230 -1
353884.550 360744.980 8.780 3
353883.970 360745.110 8.980 3
353883.420 360745.230 9.240 3
353882.870 360745.350 9.550 3
353882.260 360745.490 9.600 9
353881.690 360745.610 9.800 9
353881.100 360745.740 9.960 9
353880.510 360745.880 10.060 9
353879.880 360746.010 10.140 9
353879.310 360746.130 10.350 1
353878.570 360746.310 9.880 1
353877.850 360746.470 9.590 1
353877.130 360746.640 9.200 1
353876.390 360746.820 8.790 1
353875.570 360747.010 8.050 1
353875.790 360747.170 8.310 1
353876.690 360746.960 8.970 1
353877.580 360746.750 9.540 1
353879.240 360746.360 10.220 1
353881.370 360745.900 9.880 9
353882.030 360745.750 9.630 9
353882.790 360745.580 9.680 3
353883.480 360745.430 9.480 3
353884.070 360745.300 8.970 3
353884.700 360745.170 8.550 3
353885.320 360745.030 8.060 -1
353885.480 360745.970 8.280 9
353884.930 360746.090 8.630 9
353884.310 360746.230 8.660 9
353883.690 360746.370 8.700 9
353883.100 360746.500 8.880 9
353882.510 360746.630 9.000 9
353881.900 360746.770 9.080 9
353881.340 360746.900 9.300 9
353880.700 360747.040 9.310 9
353880.120 360747.170 9.470 9
353879.550 360747.300 9.680 9
353878.910 360747.430 9.690 1
353878.260 360747.580 9.570 1
353877.500 360747.760 9.140 1
353876.740 360747.940 8.620 1
353875.950 360748.120 8.030 1
353876.140 360748.320 8.050 1
353877.030 360748.110 8.630 1
353877.910 360747.910 9.180 1
353878.740 360747.710 9.560 1
353879.470 360747.560 9.490 9
353880.880 360747.250 9.270 9
353881.550 360747.100 9.030 9
353882.250 360746.940 8.910 9
353882.980 360746.780 8.910 9
353883.700 360746.620 8.820 9
353884.360 360746.470 8.530 9
353885.100 360746.300 8.570 9
353885.790 360746.150 8.380 9
353883.780 360747.450 8.030 9
353883.200 360747.580 8.170 9
353882.590 360747.720 8.280 9
353881.990 360747.850 8.390 9
353881.420 360747.980 8.590 9
353880.820 360748.110 8.730 9
353880.230 360748.250 8.840 9
353879.630 360748.380 8.990 9
353879.060 360748.510 9.180 9
353878.450 360748.630 9.300 1
353877.730 360748.800 8.940 1
353876.930 360748.990 8.290 1
353876.670 360749.310 8.090 1
353877.560 360749.090 8.740 1
353878.410 360748.900 9.150 1
353879.140 360748.750 9.070 9
353879.830 360748.590 8.940 9
353880.530 360748.430 8.810 9
353881.240 360748.280 8.700 9
353881.890 360748.130 8.380 9
353882.580 360747.980 8.210 9
353883.240 360747.830 7.940 9
353880.940 360749.180 8.070 9
353880.310 360749.320 8.100 9
353879.780 360749.430 8.480 9
353879.160 360749.570 8.490 9
353878.580 360749.690 8.670 9
353877.960 360749.840 8.680 1
353877.140 360750.030 8.020 1
353877.130 360750.290 7.970 1
353878.000 360750.090 8.490 1
353878.720 360749.940 8.450 9
353879.390 360749.790 8.230 9
353880.070 360749.640 8.010 9
